1004
1005
10065
10224
10263
10294
10335
10415
10416
10418
10419
10432
10442
10443
10445
10446
10447
10448
10449
10457
10459
10460
10461
10462
10465
10467
10468
1049
10493
10618
10679
10687
10843
10845
10868
10945
10971
11042
11144
11457
11556
11877
11935
1200
12229
12266
12278
12373
12384
12401
12431
12462
12499
12569
12667
12716
12718
12800
12815
12821
12967
13018
13019
13066
13072
13078
1313
13311
13375
13590
13606
1366
1368
1380
13876
1389
14135
14160
14204
14388
14541
14545
14551
14554
14566
14921
14980
15004
15076
15169
15215
15323
15361
15403
15454
15642
15771
15785
15786
15846
15890
15974
16193
16437
16489
1655
16619
16716
16792
1690
16914
16947
16948
16985
17154
17248
17278
17359
17360
17367
10458
11529
12946
14439
15879
17422
19011
20611
21952
23635
24313
25809
27909
29253
31006
31863
34053
37526
38528
40494
620
7594
17647
17689
17699
17703
17743
18002
18079
18093
18364
1837
18374
18391
18425
18460
18492
18542
18629
18646
18929
18960
19023
19054
1909
1911
19291
19338
19344
19345
1940
19509
19602
19614
19680
19731
19828
19894
20257
2027
20356
20551
20650
20663
20666
20683
20709
20817
20862
20866
20876
20889
20922
21019
21040
21445
21557
21641
21830
21837
2185
21920
22209
2226
22266
22332
22393
22424
22450
22458
22526
22689
22830
22831
22860
23014
23222
23310
23551
23561
23622
2363
23658
23670
23711
23743
23745
23747
23833
23834
23836
23873
23893
23975
23994
2402
24057
2406
24067
24099
24154
24290
24390
24484
24508
24654
24655
24658
2466
24677
24678
25
25202
25293
25302
25412
25433
25445
25475
25622
2563
25801
25916
25919
2593
26132
26230
26316
26502
26691
26752
26787
26904
27120
27269
27325
27529
27558
27586
27767
27790
2780
27919
27969
27979
28130
28142
28174
28322
28380
2840
28436
28478
28664
28743
28756
28798
28852
28861
28863
29000
29006
29275
2936
29369
2939
2941
29539
2955
29662
2972
29798
30034
30043
30369
30468
30564
30641
30657
30666
3067
30886
31015
31053
31086
31093
31173
31198
31337
31368
31471
31491
31550
316
31646
31647
31648
31650
31651
31658
31671
31672
31883
31899
32161
32184
32293
3240
32416
32435
32549
32566
32581
32743
32927
32977
33062
3365
33882
33884
33917
33937
3410
34126
3417
34212
34364
34628
34837
35180
36443
36526
36601
36790
36971
37124
37167
37175
37325
37354
37461
37508
37636
37637
37667
37729
37735
37797
37888
37892
37909
37924
37929
37945
3796
38092
38117
38150
38172
38317
38382
38434
3858
38586
3859
38707
38769
38900
38932
38964
39116
39185
3933
3942
39434
39661
39669
3967
39733
40213
40250
40479
40509
4284
4380
4385
4471
4548
4614
4896
4972
4990
5134
5165
5211
5311
5321
5371
5439
5760
5881
6121
6174
6229
6325
6328
6357
6458
6641
6698
6801
6829
683
6880
6916
6924
6985
7165
7188
7218
7322
736
7538
7577
7604
765
7669
7755
7775
7794
7957
8064
8065
8124
8143
8185
8274
8443
8519
8551
8569
8615
8882
8993
9000
9160
9228
9241
9248
9300
9428
9483
9514
9532
9559
9656
9663
9708
9739
9956